# Calibration of simulation/ns3/k6g-swarm-sim.cc. Generated by simulation/calibrate.py - do not edit.
# From the measurements in paper_plots/data (2026-10-04T11:37:28Z) and from the implementation in kyber6g/.
# scalar <name> <value> | samples <name> <n> <values...> | profile <name> <key> <value> ...
scalar cell_m 111.2
scalar cell_margin 0.3
scalar cf_bytes 40
scalar ch_fixed 58
scalar ctrl_chunk 1100
scalar ctrl_part_ext 7
scalar fin_len 32
scalar frag_payload 1180
scalar gcs_rx_us 10.94
scalar hello_cache_s 10
scalar host_msg_ms 0.6023
scalar hs_hdr 8
scalar hs_max_tx 5
scalar hs_retx_s 1.2
scalar jitter_ms 150
scalar manager_backoff_max_s 8
scalar manager_backoff_s 0.5
scalar manager_tick_s 0.1
scalar ratchet_max_tx 5
scalar ratchet_retx_s 0.35
scalar ratchet_timeout_s 3
scalar reassembly_timeout_s 5
scalar rec_hdr 24
scalar rec_tag 16
scalar rekey_cache_s 5
scalar rekey_max_tx 3
scalar rekey_req_bytes 96
scalar rekey_resp_bytes 80
scalar rekey_retx_s 0.7
scalar sh_fixed 50
scalar uav_tx_us 153
scalar udp_ip 28
scalar video_chunk 1100
scalar video_ext 9
scalar video_fps 30
scalar video_frame_hdr 8
scalar video_gop 30
scalar x25519_len 32
samples gcs_cached_ms 150 0.2337 0.1659 0.3535 0.4291 0.1787 0.2533 0.4006 0.2680 0.2995 0.2131 0.1875 0.3878 0.4212 0.2131 0.1875 0.2769 0.2307 0.3731 0.1846 0.4585 0.6362 0.2337 0.2199 0.2121 0.2376 0.7845 0.2621 0.2936 0.5803 0.6647 0.3152 0.2042 0.1964 0.3436 0.3024 0.2651 0.2445 0.4114 0.2936 0.3348 0.2425 0.2867 0.4840 0.4536 0.2484 0.2769 0.2896 0.3220 0.3338 0.2288 0.1973 0.2867 0.3152 0.2523 0.1777 0.2877 0.2906 0.3623 0.2268 0.2297 0.4457 0.2474 0.3171 0.2317 0.2769 0.3348 1.3696 0.2209 0.2376 0.4320 0.3917 0.2455 0.3603 0.3348 0.3741 0.3279 0.2160 0.1856 0.3191 0.4369 0.2081 0.2327 0.3633 0.7531 0.5194 0.2062 0.2906 0.2278 0.3711 0.2543 0.2857 0.3770 0.4173 0.3407 0.2955 0.4094 0.3957 0.3328 0.2347 0.2464 0.4241 0.4997 0.3083 0.2926 0.3672 0.3309 0.3250 0.4300 0.4016 0.4192 0.3888 0.3584 0.2602 0.7236 0.4025 0.5263 0.3063 0.2788 0.4909 0.3485 0.2445 0.2798 0.3908 0.3878 0.3122 0.2248 0.3721 0.3721 0.3927 0.2945 0.2386 0.4330 0.4899 0.3073 0.4035 0.6087 0.4418 2.5459 0.3083 0.2975 1.6436 0.4261 0.3495 0.2563 0.3986 0.4556 0.5596 0.2896 0.2720 0.5056
samples gcs_full_ms 150 1.2695 1.2744 3.5395 1.4266 2.6990 1.2440 1.2793 1.4119 2.6146 1.7260 1.1320 2.3132 1.6750 3.0299 1.2204 2.2484 1.6946 1.9715 1.0034 1.0977 1.6750 2.0157 3.2410 1.4727 1.9146 2.3102 2.1757 1.2027 1.2469 2.4683 1.7496 1.5650 1.2008 1.8478 1.7496 3.7928 1.3166 1.0918 1.7310 1.6436 1.1428 0.9023 2.8002 2.4389 2.1178 1.1586 1.1262 1.5719 1.9646 1.4521 1.2528 3.1683 2.5606 1.4236 0.9249 1.3284 1.6995 2.3014 1.0751 1.2175 1.8596 1.9951 1.9902 1.0015 0.9622 2.0039 2.8836 1.3971 1.2832 2.0284 2.1266 2.4683 1.0623 1.3461 6.8433 2.2189 1.5719 1.2126 3.4167 1.6730 1.3117 1.6878 1.7594 2.1256 2.5724 1.5768 1.0329 2.4722 1.8458 2.2670 2.1129 2.9357 2.0392 2.7098 1.1370 0.9543 3.3529 1.6318 1.6210 1.1478 2.3446 2.1738 3.3303 1.8193 0.9602 3.6995 1.9155 2.3711 1.5424 2.1148 2.2906 1.8782 1.6828 1.3019 2.8434 2.9455 2.0471 1.2675 3.7457 2.3858 2.3102 1.3078 2.6902 2.1276 3.5287 1.9401 1.1595 2.5626 4.1551 1.0525 1.3402 2.3750 2.3623 1.9067 1.6023 2.0903 2.8787 2.4997 1.4698 1.2980 3.1467 1.8458 2.2170 1.9607 4.5694 2.0844 1.9754 1.2253 1.5081 2.1924
samples gcs_ratchet_ms 150 1.6210 2.6941 2.0442 4.7893 1.7604 1.0800 2.0677 3.3834 1.9823 1.5326 3.3392 2.0716 2.8365 1.5110 1.0996 1.9136 2.3181 1.1065 1.9057 4.6941 2.3436 1.8144 1.1281 1.7467 1.9499 2.2121 1.4816 1.0879 1.7349 1.8743 2.2680 1.6760 1.7251 1.6917 1.8399 1.3019 1.2076 3.6426 2.4624 2.1561 1.1065 1.7457 6.2513 2.1266 2.0962 1.6720 2.7648 2.6735 2.7845 1.3480 1.6936 2.1001 3.4383 1.5542 1.7516 1.9813 2.2562 1.9607 1.5699 3.1261 1.9499 1.9362 1.1595 1.8733 2.0648 2.4958 2.4379 1.2489 2.6598 2.3672 2.0667 1.1929 1.2793 3.1222 2.3603 2.1119 1.2842 2.2445 3.7741 1.8733 1.4295 1.0319 2.0118 2.2278 1.0407 1.3225 1.7948 3.2371 2.2798 2.1335 1.5768 2.2926 1.6190 1.5140 1.5228 1.9666 2.1963 2.6058 1.3088 1.2086 2.0353 1.6838 1.7820 1.3147 1.8596 2.2121 1.8340 1.4688 1.4688 1.5807 2.1158 1.6740 1.3922 3.2989 1.8684 2.7089 1.7447 1.3333 1.9136 2.9347 1.7496 2.0746 2.5046 2.4398 1.1792 1.3588 2.3250 2.0000 1.6976 1.2489 3.4148 1.6760 1.8851 1.2597 1.5169 2.2484 3.7761 3.2989 1.3922 2.3436 1.5856 2.2611 3.3942 1.2666 2.6205 1.8880 1.2646 1.2891 80.1581 1.6288
samples icmp_rtt_ms 300 6.5600 9.7100 5.3100 9.0700 5.0700 8.0400 14.5000 4.5300 11.4000 7.5600 5.1300 4.5100 5.6800 4.8700 6.7400 9.6000 7.5800 6.7800 5.3500 4.3600 9.7200 10.7000 8.9400 9.3100 9.4000 8.7400 7.3900 8.8200 7.0100 8.1800 12.2000 7.9200 7.8900 10.3000 9.7700 6.0400 8.2300 17.7000 10.7000 9.2400 6.4800 8.2900 7.4600 5.0400 8.3000 9.6400 6.5900 9.7400 4.8500 7.1600 5.1600 5.8800 4.8100 10.6000 7.5600 5.0700 7.9500 8.4500 9.4600 7.5400 7.5700 7.6200 14.6000 6.4900 14.7000 6.2800 6.0200 8.9200 9.3400 8.0400 10.6000 5.9900 7.7900 9.0000 7.7400 9.2900 10.1000 11.8000 7.2900 9.4400 15.0000 8.0000 9.7300 6.1700 5.3500 7.6300 13.1000 5.0700 5.0900 5.6500 7.7000 14.0000 3.9100 4.8100 4.6000 8.4800 10.1000 7.4700 6.7200 7.8300 12.1000 7.4900 6.8700 8.9100 7.2700 10.0000 8.0300 7.3100 5.9900 5.0300 7.2000 10.3000 6.0500 7.0800 4.2300 9.5300 7.3900 8.0300 5.9200 5.4400 9.0300 12.0000 20.2000 5.4800 11.7000 13.4000 7.6800 8.4100 7.8800 12.7000 5.6600 5.4600 6.0100 5.4600 4.2400 4.8100 5.3900 4.6100 8.7800 5.1700 9.4500 11.7000 4.5200 8.4900 5.6700 8.7100 8.3400 7.5800 7.6500 4.5900 6.0500 9.2600 5.2100 7.4400 6.3400 5.1800 10.4000 9.4200 7.1600 4.5900 16.6000 9.5500 4.6400 8.6800 7.1900 7.6300 6.0300 7.2300 4.5700 5.5600 4.2800 4.4200 8.0600 5.2600 8.4700 6.0700 7.4700 6.2000 7.9800 9.5300 8.0000 11.1000 7.9200 5.9100 10.2000 12.3000 9.2300 5.7300 10.2000 4.6300 4.7400 4.8000 5.4300 6.2900 6.5200 8.0900 7.0200 9.8200 4.8800 8.7700 8.1100 8.1800 4.5000 10.1000 10.5000 7.8700 5.7000 8.2200 7.2000 9.1500 7.8400 6.1200 6.4600 6.5400 9.2500 8.7500 9.6100 7.6200 9.3600 6.0000 11.1000 12.2000 4.6900 9.2700 10.1000 10.4000 11.6000 4.5400 7.6500 5.7800 4.2700 4.8700 4.6600 4.1700 4.8000 5.0900 9.0300 12.0000 7.8900 5.1300 7.5200 9.0700 7.7600 5.6300 7.0400 4.5000 5.2000 5.9900 9.6300 7.7200 7.1200 7.7900 4.9800 5.1200 5.3200 7.4100 5.8000 7.8100 11.4000 9.1400 5.9100 8.6700 7.4100 7.9000 4.7300 4.4700 9.4700 8.9600 8.5800 5.7300 4.8200 14.0000 7.7900 10.4000 5.0200 3.9500 5.9100 6.0400 5.4500 6.7500 4.6600 5.3500 4.5600 4.4800 7.5600 8.0800 5.1300 9.8000 5.1800 4.6700 7.8300 5.6200 5.2700 7.1800 3.5200 7.0000 6.8500 4.9200 4.4900 8.3900
samples rtt_k1_ms 300 6.6906 6.1979 10.6654 6.3847 8.3928 7.0242 4.3412 5.8843 7.7970 9.2918 8.3895 6.0847 7.3017 6.1679 7.3285 8.3598 6.2841 5.9670 8.1236 5.9719 8.2960 5.6780 6.8711 6.2641 5.3988 6.0463 8.7433 6.0296 8.2651 6.7769 7.9203 6.6543 8.8372 5.8892 7.6773 5.3376 4.6260 4.4148 5.7391 7.4942 5.2884 6.3561 6.9013 5.0346 5.0012 6.6041 5.1217 4.9248 5.7076 6.2225 5.7315 5.8758 6.1686 7.6886 7.5810 5.5033 4.8360 6.0152 5.2286 5.5053 5.5429 7.3631 10.8063 6.4181 5.4735 8.7734 7.4563 11.0042 7.7866 7.7839 5.7402 8.2646 6.8125 8.5291 6.4561 5.8637 6.9153 5.9901 7.4106 6.5040 7.1542 5.7113 6.6233 5.6777 5.5416 5.8111 7.9282 5.9505 4.8371 3.6759 6.6546 4.2420 5.8404 6.3067 5.7888 5.6085 5.7251 6.4601 7.1811 6.1847 12.7104 5.7238 5.8623 4.6052 5.1259 4.6503 5.6351 5.4421 8.9787 6.3458 6.0244 5.7089 6.2932 7.2292 7.7540 7.9132 8.5572 12.5438 8.4347 5.3076 7.7944 8.4199 10.1015 7.1874 7.1578 14.2511 8.3801 6.3256 5.7367 5.6648 7.6316 6.1898 7.3243 6.1528 9.5214 9.5963 5.2735 5.5232 4.8077 5.4979 5.2793 6.6671 5.3280 6.9932 5.8519 5.8991 6.6129 6.8098 6.1552 12.6131 6.1283 7.8413 9.7108 6.7341 5.4378 7.2834 7.9872 4.6731 7.0533 6.8689 5.8550 5.7361 5.8517 9.5170 6.4723 4.9760 3.9190 5.4025 4.8460 5.6685 8.5671 4.0845 5.2297 4.7946 5.9576 11.7715 5.5817 5.8531 7.6317 5.4409 8.6732 5.6268 6.2594 4.8457 5.7083 7.5620 16.9576 5.7771 6.9400 7.2728 13.5534 14.9536 5.8551 8.7212 7.9915 9.1921 5.5774 6.6203 7.6607 5.3679 6.1552 6.4060 6.7031 9.0153 6.0284 7.3518 12.9996 6.0597 6.3333 5.9157 5.8037 5.3577 5.9918 5.9359 5.5759 5.9456 7.9992 6.2467 5.6061 15.5367 4.8746 9.6210 6.4204 5.5244 9.2628 4.1328 6.7069 5.6289 8.6602 5.0055 4.9063 5.7092 6.2388 4.5137 6.2821 8.1535 6.5787 6.2611 7.4054 5.9474 6.6024 6.3314 8.0260 6.5090 7.6743 7.0803 7.1777 5.8993 10.8211 6.0520 8.2533 11.1801 7.9512 5.6411 13.6447 12.8741 6.8343 6.6494 5.6532 5.4602 12.6263 5.4364 5.9684 5.9956 5.7750 7.6381 6.2954 8.2038 5.5148 6.3096 8.2614 7.2630 5.2463 4.9915 7.9971 6.0903 6.6487 5.7554 5.6337 6.7182 12.3212 5.7106 6.6136 7.0881 8.5729 5.9363 19.7012 6.3992 7.4677 8.4250 6.2770 6.4969 6.6428 7.2821 5.9780 5.1445 5.4220 5.8306 6.1835 5.6442
samples rtt_k2_ms 300 17.6472 8.9357 16.8852 10.0731 9.7967 8.7509 11.4555 12.2196 9.9899 9.7260 10.2658 9.0654 9.1719 10.3429 17.1570 8.9072 11.0063 9.8373 16.7383 13.4205 10.1839 9.7947 9.5623 10.6303 13.0101 10.3916 11.6340 11.8549 12.3831 11.6585 12.2357 10.2655 9.6105 11.1780 12.3635 10.8634 16.0927 10.7836 13.7390 9.5231 11.5351 17.6180 9.9600 8.6013 10.4205 10.8803 10.2799 9.8192 10.6830 10.6779 9.9347 10.5832 8.4077 8.9476 9.5257 23.5361 8.4527 9.2156 12.7071 10.3094 8.6423 9.9853 10.6966 9.1784 10.3624 13.3742 9.6471 17.1517 15.3299 9.0243 10.6919 11.2896 9.7833 10.9784 8.5590 11.4400 10.5832 9.9299 14.1137 10.8380 12.7592 11.0449 9.8326 13.8793 16.1535 9.1163 18.1770 12.9644 13.3878 10.9471 10.1981 10.3336 8.4139 9.8902 9.7867 9.9229 9.0908 7.9469 13.5602 7.8996 9.6707 12.5389 9.6610 8.6083 7.9559 10.8276 9.4588 11.1800 9.1386 9.3865 10.6587 16.1697 13.6792 10.1280 14.7368 16.4104 12.7922 18.6922 13.2402 13.4354 10.0803 22.4411 26.3464 29.7586 14.0164 11.9640 10.9882 13.8891 12.3878 12.3657 12.0187 10.9288 9.1412 20.6267 8.5446 10.3571 9.2073 10.6626 12.9637 8.1890 9.9216 8.9384 16.7969 8.9505 12.1492 11.2869 10.0507 11.5910 13.6006 9.8946 9.3489 12.6481 10.1114 11.3264 10.9355 16.4201 36.0896 9.4965 10.8060 9.8946 16.6457 19.5309 8.1692 15.3128 13.3017 11.7749 10.1168 11.1115 12.3712 10.4528 9.6686 9.2570 9.8211 9.9808 9.9245 10.4233 10.9769 11.7866 13.3371 10.2369 11.3876 11.4798 10.0441 9.5901 9.7187 8.9998 10.9160 16.5100 9.0996 18.0470 10.5284 11.4119 10.5563 11.5463 16.2753 12.8249 9.2284 11.9027 10.5679 10.1740 11.7466 13.0160 10.6570 10.4948 10.5768 10.8924 9.4738 10.4783 10.0865 9.9862 11.3310 9.5557 9.7918 7.8623 8.1647 11.4932 8.1060 8.6120 6.9567 7.2746 8.8116 8.1066 8.7180 8.9490 6.4758 10.3786 8.6799 10.5444 10.1297 10.0795 11.2197 9.3268 13.4984 11.4494 10.3312 17.3131 10.3392 16.6217 9.5454 10.6479 12.2909 10.3263 11.3665 9.7072 11.2205 31.7688 9.8945 12.7518 13.0260 14.5868 10.1716 16.4561 10.7790 11.9183 9.7559 10.5961 10.3209 10.5284 10.0919 11.2845 8.5420 12.6120 7.9403 8.8949 9.0560 9.9141 12.1304 9.9285 10.3947 9.4710 10.4879 10.2214 15.5018 13.7676 9.8267 10.7625 11.8682 11.8239 8.9287 9.3270 9.8691 16.5559 11.3777 12.2009 13.3373 13.4881 10.8200 11.1270 12.9392 14.7095 17.3878 12.2798 10.4970 12.2133 12.1035 10.0251 13.1751 9.6193 10.2612 9.4948
samples rtt_k3_ms 300 10.9533 11.1125 12.1733 10.2330 11.0581 10.0329 12.1347 12.0969 11.8019 10.7173 10.7483 9.6467 14.1413 12.7533 14.0546 16.8771 11.7319 14.5598 11.2882 10.3640 10.5800 20.1062 12.4103 17.6045 11.9148 17.1074 13.9669 11.0805 12.0206 17.8781 11.1959 13.7912 13.6043 11.7120 10.8814 11.7501 11.9557 11.9861 12.0831 13.4302 11.5838 12.2035 11.3382 10.7734 11.4022 9.2197 10.9545 10.8650 14.6323 9.1426 8.0388 11.4381 12.4981 12.5688 12.0785 10.4427 10.5117 12.4694 9.5066 10.0420 10.6401 11.1022 12.1439 9.6508 12.2524 10.4586 14.1507 12.1284 12.9818 20.5930 14.1738 11.9864 11.1744 11.6253 12.0242 10.3974 10.4410 10.2479 11.3628 13.5639 11.9288 13.1737 10.5495 10.8628 11.5108 10.3890 10.9100 10.1481 16.6954 10.8062 12.1921 15.5351 10.8628 11.3582 9.2590 9.6678 10.5992 9.8735 11.6131 10.0350 12.7981 16.9613 11.6423 9.0570 11.5008 10.6037 11.5186 12.2381 9.0192 11.5851 18.1732 12.4148 10.8527 9.4305 10.7971 12.5868 9.3807 11.0758 15.3703 10.4660 12.6337 11.6255 20.2426 15.9309 10.5141 9.7554 10.1672 13.3705 9.6237 12.2002 11.2889 12.5919 10.7870 11.2600 12.1032 14.3101 11.0238 12.3673 14.5132 11.2331 14.9970 11.6690 14.4693 10.5271 18.0694 11.5826 10.7120 9.9422 11.3338 12.4520 8.8720 14.5124 11.8586 9.4017 13.7682 10.8922 10.0057 11.7411 10.1452 11.5163 16.8515 12.1801 17.5060 11.8267 11.0128 15.1243 14.7079 12.8259 10.7952 10.9527 17.0001 10.9969 10.9008 10.4687 12.1603 11.8298 12.5979 10.8132 12.1855 10.7601 9.7134 16.2445 9.5865 10.1297 11.3227 11.7782 10.9041 10.3037 9.9744 10.7785 15.5399 16.9330 10.3828 12.0984 11.2914 12.2193 13.6700 11.3603 12.1900 15.4757 12.6774 16.7694 12.0166 10.1205 10.8409 10.9216 10.4106 11.4040 14.4665 12.1771 14.0509 14.2854 10.8001 16.6877 8.6729 9.2163 9.5671 8.1350 8.7342 12.2101 10.8232 8.6055 10.3409 9.6167 9.8341 10.8439 10.4243 12.1937 10.7299 12.4251 13.0551 11.2413 9.9217 10.7118 10.4790 10.8206 13.0983 11.6649 11.5870 10.7554 11.2475 18.4517 22.2043 11.1781 10.8906 12.1338 13.1446 23.4858 15.5203 11.9262 13.7769 15.6890 12.2405 12.8494 11.9695 11.4653 12.2804 11.5401 9.8718 19.3773 17.4497 11.5647 10.8586 12.8340 9.4601 9.6771 9.9221 10.4388 10.2357 10.7846 10.9866 10.4978 10.2590 10.4612 11.2064 10.6206 11.7826 11.0757 16.6876 10.3804 11.1361 12.2730 10.4405 10.1074 20.7398 14.1187 9.9989 15.3947 12.0509 12.8315 11.1327 19.2972 15.7160 16.7405 12.7198 10.9584 13.6413 9.9041 13.5612 9.9101
samples rtt_k4_ms 300 11.7250 14.1394 13.2769 11.6033 11.8616 10.8589 12.4010 10.1783 11.8840 11.9969 12.4337 11.8015 16.2018 11.0165 13.5022 10.2757 23.5045 10.1062 13.4699 11.9577 12.3354 15.7116 11.4238 16.0469 18.3324 12.9207 11.1864 9.7740 13.4356 10.4695 14.2530 10.2252 13.8200 13.3995 11.5174 11.4560 12.0834 18.0485 12.1876 10.6436 13.9489 18.2437 14.7215 11.6117 11.6033 10.2985 10.5842 34.0835 10.7763 11.1686 10.7823 14.1407 14.4431 17.5699 12.1303 11.2232 11.9109 12.9074 11.2099 13.2794 11.1694 11.3996 11.2167 9.8986 11.4638 12.1001 11.2766 9.5498 11.0976 10.2484 13.7048 12.0149 11.1505 12.7115 14.3251 11.5321 10.6751 11.7232 11.5275 11.4466 10.2681 12.8357 8.3280 12.4653 11.1275 10.7778 12.2037 20.1572 11.9839 13.6974 11.1554 12.8793 14.3039 15.0489 11.7922 10.8783 10.8984 10.8999 9.6900 11.2777 11.9028 11.9326 10.7324 17.1578 10.3458 10.5119 11.0345 9.2885 12.1292 10.3653 11.0683 12.1883 11.9189 10.1442 11.5013 12.6706 10.8450 13.0742 12.7173 11.2091 11.8021 14.5120 16.2639 11.3419 14.8253 11.1100 9.7636 11.1752 9.9995 12.3130 11.7660 12.3104 12.3410 12.8006 15.2887 9.7249 14.2024 17.1434 10.2789 12.8239 20.4388 11.0687 19.6356 11.0678 11.0475 13.1725 11.4786 17.9843 11.5902 10.5977 12.6096 10.3482 11.9437 10.9251 11.5936 12.6002 11.8711 14.7905 19.3535 14.3843 13.7289 12.1927 12.5191 19.2744 12.4800 13.4014 12.7326 15.8407 11.0267 11.9497 10.9555 11.8064 10.7769 11.9880 13.1260 9.5616 13.4437 14.1403 11.7699 10.2696 12.3811 11.0213 9.0854 12.8739 10.2128 10.9781 10.7367 10.5796 12.3105 9.5789 11.2202 13.3006 20.9994 11.8433 11.1410 12.7953 10.9810 11.4407 14.5476 13.8457 9.6074 14.8412 9.9825 11.5302 17.3638 11.5357 10.1696 14.5736 12.5670 13.3514 11.3018 12.1869 15.5458 34.5519 11.9265 13.1409 10.8241 21.4379 12.0574 11.2271 9.8000 12.3400 10.8084 12.1124 9.9514 14.5935 14.0619 11.9126 11.8235 14.6151 12.5851 8.4410 10.7433 12.0839 12.7384 12.0130 11.3379 10.0420 12.5547 15.4651 11.7190 10.6318 10.4256 11.3563 18.5801 13.9101 18.6974 12.3484 18.0294 10.1397 11.8274 13.8961 11.8320 12.1797 15.2719 12.0542 15.9227 12.1380 15.7513 14.2576 11.9650 13.6548 18.2385 17.6278 12.1202 13.3768 11.1267 12.5079 9.9486 10.8238 9.7511 10.2440 10.0026 11.0146 10.8140 12.0000 10.4807 12.0407 11.3250 11.6084 12.7770 10.9826 11.7817 9.9510 11.8313 10.6672 14.8005 10.2791 18.0160 18.2083 15.1304 13.5592 14.0390 11.3736 11.8671 15.4872 12.0464 11.4162 14.9002 17.3439
samples rtt_k5_ms 300 10.6936 13.7213 12.6068 13.2351 12.3300 15.8864 13.5570 10.8066 9.3789 10.3848 10.9579 11.7305 11.3112 12.6578 17.4982 12.9770 11.5475 12.2174 16.4404 13.1457 12.1336 14.4380 16.1850 12.2512 12.4018 11.7100 12.8744 11.8751 9.7826 10.8820 10.8346 12.6927 12.7046 11.8787 16.2760 12.5225 12.3335 13.5631 11.4883 12.0505 13.5325 15.9966 12.2942 14.5739 13.3449 9.7187 10.7438 10.5180 10.4861 11.6131 12.4061 13.4414 14.3445 18.5825 17.5937 17.4506 18.1402 16.4835 10.5715 13.8356 9.7837 12.2431 12.7907 10.2360 20.9467 10.8767 10.9509 9.3758 12.7886 11.4972 11.6465 15.1030 11.7622 15.6573 13.8550 12.6052 12.0996 13.6091 13.3643 11.2588 12.0169 11.5158 13.5489 19.1931 13.7615 11.6018 11.7675 23.4325 14.6855 12.6674 12.8827 11.4136 10.8399 13.2179 17.8410 15.2412 12.1346 10.6475 11.7586 11.9419 11.8441 19.3868 13.4730 12.8495 14.6656 12.1866 11.3790 13.4713 11.7883 9.9059 10.5683 9.9785 9.7070 11.3222 33.9876 11.2044 11.4489 13.7898 12.4112 11.9075 11.7456 16.6714 12.2135 13.2133 14.3503 12.0930 13.2973 11.2428 12.6266 12.5274 10.5235 13.2417 13.6723 15.5138 41.8427 13.3729 21.1144 24.5218 12.1233 12.1648 12.3906 10.8550 16.8468 11.4815 12.1798 12.2761 10.6052 10.1409 12.0987 12.5499 10.9294 12.1202 12.2032 12.8920 10.3197 12.7351 15.3306 10.5913 12.1954 20.1352 15.0880 12.8246 13.4051 12.1168 10.6562 13.5415 14.9395 12.0783 14.6965 18.3845 12.0886 10.6081 14.7395 14.7334 8.7624 14.7532 12.3510 14.1730 11.8898 21.7817 20.3939 10.4934 18.0462 13.0210 15.4355 11.6577 15.1315 12.7578 11.6786 10.9064 9.8991 11.8946 11.7068 12.1395 14.0695 15.7054 20.9238 18.5084 15.2174 18.5568 10.1467 10.8087 9.6753 13.6079 21.6420 12.1105 12.9000 12.8246 12.1571 15.7594 12.4444 12.1753 12.3211 11.1424 11.9406 13.8937 11.0568 12.1649 11.4879 15.8558 10.3533 9.7829 18.2353 11.3912 11.4080 11.6398 13.3826 13.8952 12.2839 10.3033 12.6040 13.4181 10.5392 10.4614 12.6175 10.9347 11.5566 10.8306 10.9025 11.2830 16.0271 13.2886 45.9175 14.0245 16.4425 14.6577 13.4197 12.0034 12.6447 12.8869 11.2995 16.2252 10.9221 14.9285 13.7133 13.6313 10.8244 12.7120 14.3889 15.2892 45.1860 13.7758 11.6845 15.4670 13.5518 10.3106 11.9368 11.1030 17.1872 10.5611 11.3605 10.2529 11.7139 11.0269 9.9473 14.1973 15.5331 9.7068 12.7736 11.7210 10.9284 12.7353 11.8502 12.4756 25.0978 10.8371 11.8565 11.9095 15.3254 11.1090 18.3798 11.8642 17.9295 20.1049 13.7234 12.8991 15.2113 12.0165 10.5253 21.1555
samples rtt_k6_ms 300 11.5029 10.7086 22.5463 12.6090 17.3370 13.0614 11.5251 13.4081 13.4485 11.4900 11.7254 10.0463 12.8327 10.9459 12.8561 14.2551 13.5550 16.0353 13.7458 13.0338 11.2114 14.5759 14.8207 11.9332 13.9265 14.0477 12.8945 12.2009 13.1711 11.6254 12.2726 14.3680 11.6355 19.9360 13.4608 13.8289 11.2255 13.2658 11.9529 12.5588 12.2126 12.4142 12.6797 13.6355 14.4953 13.9175 11.1255 13.8971 11.7293 15.7530 14.1925 18.0688 17.2600 12.6826 13.5259 14.9619 11.9360 12.2690 16.3765 12.4221 12.1383 11.8491 15.2371 9.8013 10.4640 10.9910 12.2201 11.2505 11.8291 11.9918 11.8629 15.1439 10.7724 14.9447 12.7419 13.3769 13.6737 11.9562 10.0991 17.4255 11.5380 12.4287 11.7241 14.8658 14.6618 13.4868 12.2483 10.6812 16.9875 15.6034 18.0599 18.5048 14.9503 12.7330 14.1575 15.1490 12.6672 14.2826 11.8633 12.5354 15.3632 12.0588 12.2633 12.9118 10.6149 11.5181 16.2619 13.7766 12.4659 15.5491 12.4098 10.2930 11.9962 11.8042 13.0216 11.6319 12.3674 11.6410 13.0588 10.4738 12.3284 13.4711 11.7062 14.1949 11.6620 14.2100 11.6539 11.3767 12.1216 11.6403 11.1797 12.4711 12.0652 12.7613 13.5947 16.2151 11.9240 10.7951 11.0429 14.3589 18.3206 12.5443 16.9108 17.8571 14.5722 12.9900 13.1743 17.6258 12.7590 11.6073 21.6710 12.9051 12.6311 15.0885 12.3084 10.5122 12.0579 11.6449 16.8224 14.2282 19.1911 17.4048 82.1547 11.2275 13.1583 14.6410 15.3623 10.7369 13.5067 12.1946 20.6181 14.5748 16.0362 13.3257 12.5793 14.8422 12.8820 13.6539 13.6228 14.6263 48.0041 12.3751 16.2519 11.7762 9.8162 12.2877 10.2108 10.8936 14.0596 10.9695 12.8540 12.1601 12.1253 11.8519 13.7823 11.2545 18.9345 15.2606 15.1902 12.1739 11.9761 10.4376 11.4229 11.6664 11.7879 11.1670 15.7937 13.7112 11.4833 12.9559 15.8511 13.6199 13.5626 16.8210 14.6160 11.3680 11.6859 12.2924 12.6571 17.5079 10.2760 12.0390 17.3439 12.7334 11.4621 12.2947 14.3710 13.6418 13.7878 12.1276 12.8040 16.6985 11.2810 11.9624 16.4763 12.9083 12.1061 12.7972 11.9976 10.5610 12.5056 11.5799 12.5112 12.0571 12.8105 13.9418 12.1926 13.1105 12.0433 17.3959 11.0066 14.9105 20.6183 14.2377 14.1165 12.9710 12.1054 14.5353 16.8885 11.8130 11.6808 18.4544 11.3489 13.6551 15.0743 11.7434 14.5226 12.7229 11.2736 9.6657 11.9077 13.8410 13.1447 12.8560 13.6975 19.3132 14.2613 12.6373 14.5409 10.4218 13.9374 11.8944 11.6985 11.1857 12.4481 11.6332 15.6899 11.0402 11.7069 12.6945 15.5009 13.5824 11.1418 19.1648 12.8826 12.6433 14.0483 11.6312 12.3576 12.2528
samples uav_cached_build_ms 150 0.1080 0.1190 0.1190 0.0890 0.0770 0.1300 0.1370 0.1340 0.1220 0.1290 0.1290 0.1330 0.1300 0.1340 0.1430 0.1310 0.1300 0.1430 0.1300 0.1290 0.1500 0.1340 0.1600 0.1210 0.1490 0.1200 0.1450 0.1310 0.1380 0.1280 0.1210 0.1200 0.1240 0.1390 0.1750 0.1320 0.1330 0.1200 0.1270 0.1470 0.1420 0.1110 0.1350 0.1620 0.1170 0.1420 0.1330 0.1320 0.1250 0.1310 0.1380 0.1340 0.1220 0.1360 0.1380 0.1210 0.1310 0.1290 0.1410 0.1430 0.1300 0.1260 0.1240 0.1340 0.1340 0.1410 0.1370 0.1190 0.1230 0.1640 0.1330 0.1320 0.1270 0.1230 0.1410 0.1350 0.1330 0.1300 0.1180 0.1260 0.1430 0.1340 0.1440 0.1360 0.1360 0.1190 0.1630 0.1470 0.1410 0.1280 0.1330 0.1230 0.1310 0.1460 0.1330 0.1270 0.1340 0.1190 0.1220 0.1300 0.1300 0.1320 0.1280 0.1560 0.1310 0.1420 0.1280 0.1270 0.1370 0.1180 0.1220 0.1420 0.1500 0.1270 0.1190 0.1450 0.1240 0.1280 0.1390 0.1260 0.1300 0.1330 0.1400 0.1370 0.1440 0.1400 0.1510 0.1400 0.1350 0.1520 0.1240 0.1180 0.1400 0.1340 0.1300 0.1380 0.1190 0.1290 0.1360 0.1350 0.1280 0.1530 0.1210 0.1400 0.1490 0.1330 0.1260 0.1180 0.1350 0.1240
samples uav_cached_finish_ms 150 0.8630 0.8550 0.8150 0.8040 0.8700 2.0390 1.5520 1.6350 1.4470 1.5420 2.1940 1.9350 1.8680 1.5880 2.1440 1.7500 1.7440 2.1720 1.9330 1.7750 1.7170 1.7140 1.6150 1.5330 1.5780 1.8680 1.8940 2.8710 1.6270 1.6350 1.6280 1.5470 1.5650 1.5730 1.5590 1.9430 1.6550 1.6740 1.5420 1.6120 1.7680 1.8770 2.0050 1.5890 1.6220 1.8060 2.1380 1.5720 1.3820 1.5590 1.7380 1.7560 1.8670 1.6910 1.6450 1.8570 1.6840 1.6640 1.7870 1.6970 1.8260 1.6370 1.6010 1.6020 1.7970 2.0380 1.6990 1.6730 1.5480 1.8260 1.6540 1.8210 1.6620 1.6020 1.8330 1.5690 1.9120 1.7510 1.6110 1.9020 1.9820 1.7940 1.6460 1.6320 2.2990 1.6220 1.8990 1.6820 2.1910 1.8930 1.9310 1.7580 1.8080 1.5870 1.6460 2.5160 1.7550 1.5440 1.6070 1.5940 1.8990 1.5920 1.6630 1.8720 1.6000 1.9160 1.7120 1.7630 1.7000 1.5620 1.6410 2.2450 1.8100 1.6730 1.9150 1.8790 1.6930 1.6510 2.2710 1.6590 1.9110 1.7570 2.4640 1.6230 1.8880 1.7530 1.7860 1.8950 2.5600 2.0530 1.6030 1.4370 1.5560 1.4690 2.1750 1.8370 1.7940 1.8780 1.7080 1.5940 1.7390 1.6320 1.5060 1.7820 2.0870 1.7480 1.5090 1.5690 1.6110 1.6420
samples uav_cached_process_ms 150 0.2770 0.2050 0.2090 0.2020 0.2130 0.4240 0.4270 0.4160 0.3890 0.4460 0.4400 0.4820 0.4710 0.4420 0.5150 0.4410 0.4350 0.4320 0.4250 0.4320 0.3890 0.4270 0.3880 0.4130 0.4500 0.5020 0.5570 0.4730 0.4310 0.4910 0.4420 0.4160 0.4100 0.4100 0.4550 0.4380 0.4210 0.4380 0.3930 0.4450 0.4480 0.5260 0.4360 0.4160 0.3860 0.4850 0.4860 0.3980 0.3620 0.3850 0.4110 0.3970 0.4170 0.3990 0.4830 0.3780 0.4310 0.4260 0.4530 0.4360 0.4770 0.4770 0.3920 0.4390 0.3920 0.4460 0.4350 0.4010 0.4160 0.4850 0.4530 0.4540 0.4100 0.4100 0.4610 0.4280 0.4080 0.4210 0.4130 0.4370 0.4950 0.3990 0.4430 0.4310 0.4880 0.3850 0.4400 0.4070 0.4090 0.4770 0.4740 0.4050 0.4920 0.4170 0.4130 0.4230 0.4440 0.3860 0.3810 0.4020 0.4890 0.4400 0.4310 0.4720 0.4420 0.4250 0.4270 0.4280 0.4600 0.4080 0.4300 0.4870 0.4780 0.4460 0.4660 0.4890 0.4240 0.4510 0.5360 0.4260 0.4310 0.4150 0.4700 0.4440 0.4910 0.4450 0.4570 0.4830 0.3920 0.4570 0.4080 0.3670 0.4210 0.4100 0.4320 0.4850 0.4260 0.4960 0.4460 0.4190 0.4240 0.4460 0.3900 0.4620 0.4660 0.4570 0.3590 0.3810 0.4360 0.4360
samples uav_full_build_ms 150 1.6860 1.3870 2.3320 1.4700 1.8280 3.2470 2.4600 5.0970 4.4350 3.1000 3.0980 2.9390 2.9810 3.1990 2.8860 2.3070 2.5460 3.9050 5.0510 4.4330 3.1590 2.9990 2.9650 5.7140 4.0940 2.4880 2.4680 2.6870 3.0860 3.0020 2.4030 2.7730 3.9960 2.4590 2.8820 3.4740 3.6380 2.5250 4.9720 3.7580 2.6220 2.4520 3.2200 4.2610 3.5960 3.2850 3.3610 4.2640 4.1820 2.3780 3.0770 2.3690 2.9550 2.7090 2.8430 4.5280 2.9620 3.0210 2.3520 2.5880 3.7490 3.0660 3.4560 4.9750 2.7460 2.6400 3.1170 2.9640 3.2650 2.9450 5.0480 4.0270 2.9680 2.7750 2.7700 2.3260 3.7150 2.7720 2.6790 3.4110 2.4490 3.5250 2.1710 2.8600 3.4530 2.6840 2.4910 4.4750 2.4110 4.7530 5.1210 2.6920 2.6640 2.4400 3.4920 2.8250 2.7880 2.7960 2.3980 2.3570 3.1430 2.7760 4.5300 3.2590 4.3400 3.7350 3.1330 5.0960 4.5620 3.6340 2.9460 2.8310 3.5150 2.5380 2.4590 2.4210 3.0630 4.0560 2.7470 3.8040 2.7580 2.7670 4.2170 2.5250 2.6220 3.0260 2.3620 2.8380 2.4330 2.7720 2.2800 9.1980 2.7360 4.4430 2.8590 3.2150 2.6410 3.5860 2.5320 2.4110 2.7320 2.8280 2.6290 2.4670 4.0070 3.4760 3.3620 3.0170 3.7260 2.5940
samples uav_full_finish_ms 150 0.8990 0.8810 0.8520 0.9330 1.0070 1.8250 1.8160 1.7330 1.6490 1.7670 1.6460 1.7110 2.0730 1.8850 1.7170 1.6180 1.7640 1.6210 1.7590 1.6110 1.6040 1.7300 1.6220 1.9420 1.4690 1.8620 1.9000 1.6240 1.9110 1.6900 1.5980 1.8100 1.8410 1.6850 1.7250 1.7800 1.6840 1.7080 1.6930 1.6290 1.3980 1.6440 2.1330 1.7120 1.6740 1.7160 1.9700 1.4760 1.8790 1.7210 1.9200 1.6050 1.6280 1.5820 1.7100 1.8390 1.6980 1.6090 1.7400 1.4520 1.6330 1.5770 1.7310 1.8890 1.4420 1.6150 1.7220 1.8940 1.7070 1.7840 1.5910 1.9580 2.0040 1.6900 1.6440 1.9510 1.6300 1.7010 2.7680 1.6320 1.6630 1.6040 1.7270 1.6200 1.7280 1.8280 1.6440 1.6500 1.8950 1.6100 1.8820 1.7680 1.9100 1.6700 1.8130 1.8620 2.2520 1.6410 1.6720 2.0930 1.5610 1.8150 1.9170 1.8780 1.5000 1.6790 1.7210 2.2730 2.0020 1.6660 1.6380 1.8480 2.7770 1.6210 1.7210 1.6620 1.6910 1.9550 1.6410 1.6290 2.0170 1.6080 1.9560 1.5950 2.2190 1.8850 1.7720 1.5970 1.5950 1.7130 1.6890 2.0980 1.6350 1.9640 1.9520 2.1070 1.7220 1.6470 1.6470 1.6510 1.7420 1.6570 2.2540 1.5260 2.0540 1.7020 1.5870 1.6980 1.7930 1.6180
samples uav_full_process_ms 150 1.7400 1.7320 1.5560 1.6060 1.7670 3.0370 3.3370 3.6810 3.1760 4.1580 3.0180 3.0040 3.6800 3.0710 3.7690 3.2210 3.0210 3.3600 3.6330 3.2240 3.0440 3.6480 3.0730 3.4160 3.0080 4.6140 3.6080 2.9690 3.8050 3.2520 3.7440 3.7990 3.0430 2.9540 4.6220 3.0450 3.1420 3.8790 3.0610 2.9740 3.5160 2.9580 3.5680 3.5590 3.9960 3.4550 3.0930 2.8180 3.0730 3.1400 4.0710 3.0790 3.3760 2.9960 3.0220 3.2830 3.0630 3.1210 3.1110 2.8030 3.0790 3.0080 3.0840 3.6070 2.7170 3.0190 3.1770 3.1170 3.2000 3.6080 2.8810 3.5690 3.5330 3.1720 3.8310 3.4770 3.0350 3.8170 3.2260 2.9550 3.7840 3.2760 3.2470 3.7530 3.1270 3.2750 3.0800 2.9920 3.0810 3.0300 3.8600 3.7110 3.0670 3.0280 3.5080 3.5410 3.5520 3.7750 4.1100 3.0550 3.3960 3.7190 3.0680 3.4700 2.7820 3.2500 3.9370 4.0140 3.6540 3.0570 3.0480 3.1700 3.9650 2.7390 4.9390 3.2890 3.0750 3.0560 3.0840 3.3220 3.6970 3.2270 3.0280 3.0030 3.4620 4.7770 3.1140 3.0810 3.0110 3.4170 3.1770 3.4720 2.9610 3.0330 3.6450 3.1060 3.1710 3.0810 3.0570 3.1940 3.6610 3.2300 3.1800 3.0880 4.2090 3.8550 3.2740 4.1510 3.3740 3.4480
samples uav_ratchet_build_ms 150 0.6360 0.6070 0.6350 0.6340 1.1850 1.1090 1.2940 0.9430 1.1550 1.0110 1.4770 0.9450 1.1050 0.9670 1.0940 1.0600 1.1910 1.0100 0.9830 1.1080 1.0130 1.0460 1.1500 0.8670 0.9680 0.9530 1.0520 1.0370 0.8890 1.3510 0.9840 1.6340 1.0340 1.2460 0.9940 1.5150 1.0060 0.9550 1.0160 1.0910 0.9300 1.1360 1.0080 1.1250 1.0580 1.2010 0.9930 1.0660 1.1850 1.4660 1.2900 0.9480 1.0440 1.3250 1.0200 1.1600 2.7390 1.0880 1.1500 0.9480 1.0110 0.9680 1.1220 1.2270 1.0290 1.3530 1.0040 1.1410 0.9500 1.2350 1.0810 0.8920 1.4320 1.0310 1.1080 0.9960 1.0730 0.9640 1.0220 1.0390 1.0930 1.0050 1.0680 1.0050 1.0030 1.4150 0.9580 0.9700 0.9130 1.0710 1.1030 1.1300 1.1790 0.9470 0.9510 1.1470 1.0010 1.1560 1.0540 1.1470 0.9820 1.3690 1.0220 1.1400 1.0300 1.2250 1.1040 1.3560 1.0280 1.0420 1.0870 1.8080 1.1580 1.0580 1.0870 1.0100 1.0000 1.0310 1.1160 1.0120 1.0140 1.1810 1.0030 1.0400 0.9710 1.1480 1.0880 1.0090 0.9510 0.9850 0.9500 1.1230 0.9560 1.0520 1.0400 0.9220 1.0030 0.9490 1.0710 0.9560 0.9770 1.0180 1.3420 1.1880 1.0190 1.0140 1.2600 0.9990 1.1350 0.9510
samples uav_ratchet_finish_ms 150 0.9180 0.8620 0.9680 0.8180 1.7990 1.7200 1.6180 1.6570 1.6400 1.6560 1.9370 1.6700 1.8580 1.6640 1.7420 2.2120 2.1040 1.6410 1.6440 1.8020 1.6880 1.7730 1.9210 1.6610 1.7040 1.6770 2.6100 1.8160 1.8660 1.9890 1.6610 1.6350 1.7300 1.5890 1.9250 1.8920 1.8090 1.7240 1.6500 1.6390 1.5840 1.9450 1.6300 1.8420 1.7140 1.5160 1.6710 1.6220 1.8820 1.7200 1.6430 1.7210 1.6400 1.6190 1.6660 1.6740 1.7060 1.7030 1.8780 1.9330 1.6780 1.6640 1.7490 1.6190 1.6880 1.8550 1.6720 1.6400 1.9540 1.6270 1.7420 1.4790 1.6780 1.6030 1.8620 1.7210 1.9180 1.5730 1.5050 1.5180 1.6530 2.0860 1.6130 1.7340 1.6480 1.7860 1.6960 1.6980 1.5920 1.6260 1.8530 1.8530 1.8500 1.5090 1.6170 1.6090 1.7600 1.9880 1.7660 1.6240 1.7070 1.8770 1.8440 2.2810 1.7400 1.8550 1.8810 1.9130 1.6000 1.6010 1.6460 1.6570 1.8780 1.6920 1.6110 1.8790 1.6930 1.7220 1.9860 1.6240 1.9200 1.6940 1.7140 1.6900 1.6660 1.8560 1.8860 2.1470 1.8590 1.6530 1.8280 1.6820 1.4710 1.6340 1.6820 1.5540 1.6830 2.0090 1.6080 1.6760 1.7520 2.1390 2.1580 1.8070 1.6400 1.9350 1.6680 1.7270 1.6710 1.9030
samples uav_ratchet_install_ms 150 0.6760 0.6720 0.6820 0.7220 1.6040 1.4000 1.4070 1.4680 1.3670 1.4850 1.5470 1.4440 1.5770 1.3530 1.3720 1.6210 1.5910 1.3570 1.3630 1.6200 1.3620 1.4960 1.5920 1.4380 1.4550 1.3740 1.5660 1.4510 1.7450 1.3740 1.3620 1.3660 1.4650 1.2410 1.4510 1.6530 1.5440 1.3820 1.3560 1.4350 1.2520 1.5400 1.3620 1.6520 1.3830 1.3020 1.4380 1.4270 1.6070 1.4240 1.4270 1.4250 1.3970 1.2220 1.3750 1.3770 1.4600 1.4330 1.6510 1.3910 1.3740 1.4640 1.5000 1.3660 1.4400 1.7360 1.4290 1.3770 1.4330 1.3690 1.4530 1.2350 1.3970 1.4250 1.6710 1.3850 1.5840 1.5620 1.2260 1.2390 1.4320 1.3640 1.3660 1.4210 1.3730 1.3830 1.2450 1.3910 1.3000 1.3610 1.5690 1.6410 1.5650 1.2130 1.2210 1.4350 1.4050 1.6020 1.5200 1.4160 1.4840 1.5640 1.5540 1.5680 1.4800 1.5670 1.6360 1.6710 1.4260 1.3670 1.3630 1.3860 1.6380 1.4390 1.3540 1.4540 1.4150 1.3700 1.5910 1.3720 1.3840 1.5310 1.3890 1.3620 1.4520 1.5600 1.5650 1.3700 1.3970 1.4170 1.6400 1.3810 1.2300 1.3730 1.4270 1.3450 1.3720 1.3910 1.4330 1.2220 1.3850 1.4210 1.3980 1.6200 1.3640 1.3520 1.4100 1.3930 1.3890 1.4300
samples video_i_bytes 20 57308.0000 57794.0000 59529.0000 58065.0000 59007.0000 59827.0000 62048.0000 60423.0000 58102.0000 56761.0000 57196.0000 58507.0000 60589.0000 58939.0000 60722.0000 58378.0000 56128.0000 56767.0000 57047.0000 57024.0000
samples video_p_bytes 567 26610.0000 11565.0000 6037.0000 5787.0000 5873.0000 5887.0000 5732.0000 10763.0000 10909.0000 10964.0000 10986.0000 11034.0000 10995.0000 11112.0000 11114.0000 11051.0000 10868.0000 11061.0000 11116.0000 10856.0000 11012.0000 11061.0000 11059.0000 11032.0000 11091.0000 11182.0000 25899.0000 11830.0000 11109.0000 27207.0000 12030.0000 3510.0000 5863.0000 6007.0000 6010.0000 6133.0000 11186.0000 11695.0000 11708.0000 11933.0000 11806.0000 11960.0000 11795.0000 11939.0000 11980.0000 11921.0000 11981.0000 12041.0000 12011.0000 11778.0000 11977.0000 12042.0000 11910.0000 6585.0000 11596.0000 11735.0000 6568.0000 11468.0000 28254.0000 12844.0000 3878.0000 3688.0000 6513.0000 6552.0000 6446.0000 6430.0000 6256.0000 11639.0000 12071.0000 11946.0000 12018.0000 11999.0000 12011.0000 12029.0000 12184.0000 12111.0000 12222.0000 12093.0000 12151.0000 12262.0000 12377.0000 12177.0000 12201.0000 11918.0000 11820.0000 6442.0000 11182.0000 27154.0000 11947.0000 3577.0000 5704.0000 5992.0000 5908.0000 5966.0000 6094.0000 11246.0000 11765.0000 11929.0000 11779.0000 12077.0000 12141.0000 12152.0000 12148.0000 11945.0000 12117.0000 12127.0000 12127.0000 12118.0000 12005.0000 12086.0000 12150.0000 11937.0000 11907.0000 11813.0000 3696.0000 11468.0000 27846.0000 12229.0000 3574.0000 3336.0000 6130.0000 6087.0000 6225.0000 6241.0000 11278.0000 11567.0000 11537.0000 11396.0000 11733.0000 11846.0000 11918.0000 12042.0000 12029.0000 12260.0000 12250.0000 11937.0000 12088.0000 11875.0000 12179.0000 12058.0000 12127.0000 12042.0000 11841.0000 3779.0000 11440.0000 28357.0000 12594.0000 3757.0000 3599.0000 6086.0000 6324.0000 6140.0000 6018.0000 11242.0000 11485.0000 11410.0000 11436.0000 11456.0000 11529.0000 11586.0000 11641.0000 11818.0000 11810.0000 12138.0000 12391.0000 12465.0000 12323.0000 12404.0000 12695.0000 12645.0000 12460.0000 12713.0000 4164.0000 12175.0000 29659.0000 13433.0000 4094.0000 3754.0000 3685.0000 6624.0000 6769.0000 6672.0000 6463.0000 11824.0000 11978.0000 12045.0000 12098.0000 11787.0000 11717.0000 11763.0000 11892.0000 11783.0000 11684.0000 11769.0000 11628.0000 11556.0000 11600.0000 11675.0000 11603.0000 11815.0000 11894.0000 12061.0000 6654.0000 28563.0000 12776.0000 3686.0000 6325.0000 6389.0000 6515.0000 6353.0000 6363.0000 11541.0000 11802.0000 11820.0000 11653.0000 11605.0000 11369.0000 11331.0000 11175.0000 11222.0000 11063.0000 11280.0000 11368.0000 11219.0000 11492.0000 11497.0000 11148.0000 11318.0000 11273.0000 11483.0000 6252.0000 11182.0000 27599.0000 12035.0000 3651.0000 5970.0000 5927.0000 5787.0000 5662.0000 10651.0000 10908.0000 10883.0000 10869.0000 11042.0000 10968.0000 10851.0000 10931.0000 10888.0000 11051.0000 10876.0000 10844.0000 10995.0000 11026.0000 10939.0000 11071.0000 10886.0000 11011.0000 19459.0000 11592.0000 10943.0000 10964.0000 26273.0000 11325.0000 6020.0000 5796.0000 5800.0000 5681.0000 10383.0000 10936.0000 10801.0000 10920.0000 10865.0000 11104.0000 10846.0000 11103.0000 11241.0000 11167.0000 11208.0000 11309.0000 11165.0000 11109.0000 11197.0000 11134.0000 11184.0000 11283.0000 11029.0000 19677.0000 11597.0000 10813.0000 11122.0000 26416.0000 11407.0000 5986.0000 5691.0000 5892.0000 5794.0000 5861.0000 10793.0000 11029.0000 11139.0000 11221.0000 11301.0000 11254.0000 11255.0000 11390.0000 11383.0000 11224.0000 11277.0000 11239.0000 11478.0000 11412.0000 11019.0000 11317.0000 11322.0000 11261.0000 11538.0000 19700.0000 11899.0000 6340.0000 27326.0000 12186.0000 6205.0000 5970.0000 5995.0000 5985.0000 6100.0000 11043.0000 11657.0000 11702.0000 11877.0000 11746.0000 11912.0000 12019.0000 11928.0000 11748.0000 11811.0000 11586.0000 11713.0000 11657.0000 11683.0000 11940.0000 11911.0000 6695.0000 11552.0000 11765.0000 6662.0000 11756.0000 6700.0000 28573.0000 12884.0000 3759.0000 6335.0000 6446.0000 6337.0000 6397.0000 6443.0000 11282.0000 11771.0000 11778.0000 11784.0000 11720.0000 11586.0000 11864.0000 11697.0000 11859.0000 11862.0000 11774.0000 11703.0000 11840.0000 11727.0000 11557.0000 11930.0000 11679.0000 11733.0000 11527.0000 3695.0000 11053.0000 27617.0000 12261.0000 3682.0000 6173.0000 6106.0000 6127.0000 6125.0000 6216.0000 11374.0000 11740.0000 11783.0000 12116.0000 12059.0000 12258.0000 12279.0000 12229.0000 12323.0000 12700.0000 12652.0000 12625.0000 12346.0000 12437.0000 12258.0000 12277.0000 12472.0000 6945.0000 12049.0000 12073.0000 6791.0000 28723.0000 13215.0000 4067.0000 3676.0000 6348.0000 6632.0000 6806.0000 6882.0000 6711.0000 12367.0000 12805.0000 12858.0000 12573.0000 7046.0000 12285.0000 12270.0000 12326.0000 12309.0000 12062.0000 11926.0000 11765.0000 11901.0000 11837.0000 11592.0000 11530.0000 11787.0000 6431.0000 11259.0000 6385.0000 27362.0000 12133.0000 3509.0000 6102.0000 5995.0000 5926.0000 5879.0000 11144.0000 11396.0000 11347.0000 11329.0000 11141.0000 11182.0000 11386.0000 11282.0000 11541.0000 11427.0000 11530.0000 11450.0000 11518.0000 11213.0000 11396.0000 11075.0000 11098.0000 11036.0000 11086.0000 19407.0000 11359.0000 5956.0000 26450.0000 11323.0000 5817.0000 5539.0000 5444.0000 5515.0000 10091.0000 10426.0000 10582.0000 10555.0000 10649.0000 10525.0000 10696.0000 10417.0000 10766.0000 10640.0000 10873.0000 10736.0000 10718.0000 10611.0000 10739.0000 10754.0000 10723.0000 10772.0000 10798.0000 25004.0000 11445.0000 10616.0000 10689.0000 26285.0000 11621.0000 6133.0000 5976.0000 5964.0000 5955.0000 5928.0000 10922.0000 11268.0000 11251.0000 11110.0000 11031.0000 11289.0000 11114.0000 11108.0000 11065.0000 10992.0000 11037.0000 10829.0000 10934.0000 11088.0000 11093.0000 11055.0000 10967.0000 10960.0000 10904.0000 25722.0000 11697.0000 6090.0000 26652.0000 11594.0000 6027.0000 5772.0000 5827.0000 5844.0000 5790.0000 10625.0000 11193.0000 11272.0000 11137.0000 11287.0000 11059.0000 11418.0000 11421.0000 11310.0000 11266.0000 11230.0000 11118.0000 11338.0000 11288.0000 11248.0000 11231.0000 11146.0000 11277.0000 10983.0000 11053.0000 11002.0000 11072.0000 26362.0000 11532.0000 6093.0000 5885.0000 5795.0000 5779.0000 5801.0000 10656.0000 11140.0000 10919.0000 10893.0000 10938.0000 11049.0000 11236.0000 11199.0000 11044.0000
profile hybrid5 x25519 1 ch_bytes 6287 sh_bytes 6311 ratchet_req_bytes 2178 ratchet_resp_bytes 2204 scale_full_build 1 scale_full_process 1 scale_full_answer 1 scale_ratchet_build 1 scale_ratchet_finish 1 scale_ratchet_answer 1
profile pq5 x25519 0 ch_bytes 6255 sh_bytes 6279 ratchet_req_bytes 2127 ratchet_resp_bytes 2153 scale_full_build 0.9092 scale_full_process 0.7824 scale_full_answer 0.847 scale_ratchet_build 0.7247 scale_ratchet_finish 0.5356 scale_ratchet_answer 0.5858
profile hybrid3 x25519 1 ch_bytes 4585 sh_bytes 4513 ratchet_req_bytes 1666 ratchet_resp_bytes 1564 scale_full_build 0.7815 scale_full_process 0.8273 scale_full_answer 0.8336 scale_ratchet_build 0.9191 scale_ratchet_finish 0.9342 scale_ratchet_answer 0.9652
profile hybrid1 x25519 1 ch_bytes 3312 sh_bytes 3304 ratchet_req_bytes 1154 ratchet_resp_bytes 1136 scale_full_build 0.5606 scale_full_process 0.7225 scale_full_answer 0.7213 scale_ratchet_build 0.852 scale_ratchet_finish 0.8828 scale_ratchet_answer 0.9331
profile classical x25519 1 ch_bytes 156 sh_bytes 180 ratchet_req_bytes 78 ratchet_resp_bytes 104 scale_full_build 0.2817 scale_full_process 0.7306 scale_full_answer 0.7403 scale_ratchet_build 0.6839 scale_ratchet_finish 0.7673 scale_ratchet_answer 0.8492
